0, b'Joint_0', 4, -1, -1, 0, 0.0, 0.0, 0.0, -1.0, 0.0, 0.0, b'base_link', (0.0, 0.0, 0.0), (0.0, 0.0, 0.0309), (0.0, 0.0, 0.0, 1.0), -1)
(1, b'Joint_1', 0, 7, 6, 1, 0.0, 0.0, -2.0944, 2.0944, 0.0, 0.2, b'Link_1', (0.0, -1.0, 0.0), (0.0, 0.0, 0.0309), (0.49999999999662686, 0.5000018366025517, -0.49999999999662686, 0.49999816339744835), 0)
(2, b'Joint_2', 0, 8, 7, 1, 0.0, 0.0, -2.2, 2.2, 0.0, 0.2, b'Link_2', (0.0, -1.0, 0.0), (-9.04997110390271e-05, -0.08265113510522999, 1.03110880117219e-05), (-0.039549119118400006, 0.03954897384664331, -0.7060012066416813, 0.7059986133592091), 1)
(3, b'Joint_3', 0, 9, 8, 1, 0.0, 0.0, -2.0944, 2.0944, 0.0, 0.2, b'Link_3', (0.0, 1.0, 0.0), (-0.14464307850265512, 0.000500019087013304, 0.01532934786016093), (0.8754393806600753, 0.0003588923149622334, -0.48332697088561527, 0.0008950979531206391), 2)
(4, b'Joint_4', 0, 10, 9, 1, 0.0, 0.0, -3.14159, 3.14159, 0.0, 0.2, b'Link_4', (0.0, -1.0, 0.0), (-0.019583090882021998, -0.00020903436150145798, 0.0246686348752899), (0.37890603718738414, -0.23021175030731827, 0.5970221249432254, 0.6685786022089469), 3)
(5, b'Joint_5', 0, 11, 10, 1, 0.0, 0.0, -2.00713, 2.00713, 0.0, 0.2, b'Link_5', (0.0, 1.0, 0.0), (0.000480737416575283, -0.044015558444594, 0.000795364680788613), (-0.43770791325416025, 0.5547833780751849, 0.5553727077271571, -0.43839290778704526), 4)
(6, b'Joint_6', 0, 12, 11, 1, 0.0, 0.0, -3.14159, 3.14159, 0.0, 0.2, b'Link_6', (0.0, 1.0, 0.0), (-0.00035860029323162, -0.000462370431148607, -0.0107074660441439), (0.5003998414232502, 0.499601676644642, -0.4995998415085835, 0.5003980033553757), 5)
(7, b'Joint_Grippper', 4, -1, -1, 0, 0.0, 0.0, 0.0, -1.0, 0.0, 0.0, b'Link_Gripper', (0.0, 0.0, 0.0), (-0.014852240597350139, -0.01517068562929735, 0.0202321887007966), (0.7071067482525561, 7.295410076579519e-16, -0.00021581403941637028, 0.7071067811865451), 6)
(8, b'Joint_Grip_Servo', 0, 13, 12, 1, 0.0, 0.0, -1.57, 0.0, 0.0, 1.0, b'Link_Grip_Servo', (0.0, -1.0, 0.0), (0.014356188296665101, -0.0060638296835589, 0.005642096616532102), (-1.1724339523892203e-12, -0.07345684249765737, 2.250606807678095e-11, 0.9972983968152532), 7)
(9, b'Joint_Tip_Servo', 0, 14, 13, 1, 0.0, 0.0, 0.0, -1.0, 0.0, 0.0, b'Link_Tip_Servo', (0.0, -1.0, 0.0), (-0.005512630864405062, -0.006033834464434197, 0.03320860044648956), (-9.86912742719269e-18, 0.07345684275067244, 5.4934607802167034e-17, 0.9972983967966172), 8)
(10, b'Joint_Grip_Servo_Arm', 0, 15, 14, 1, 0.0, 0.0, 0.0, -1.0, 0.0, 0.0, b'Link_Grip_Servo_Arm', (0.0, -1.0, 0.0), (0.007379966977694899, -0.0068638931252273, 0.02565629593477361), (4.839600057162415e-13, 2.536999999999891e-10, 2.253150000012278e-11, 1.0), 7)
(11, b'Joint_Grip_Idle', 0, 16, 15, 1, 0.0, 0.0, 0.0, 1.57, 0.0, 0.0, b'Link_Grip_Idle', (0.0, 1.0, 0.0), (-0.0136270630223051, -0.003063893125227299, 0.0056592959347736005), (0.7255245696483257, -2.5279090193406624e-06, -0.6881962647552798, 2.665022356663989e-06), 7)
(12, b'Joint_Tip_Idle', 0, 17, 16, 1, 0.0, 0.0, 0.0, -1.0, 0.0, 0.0, b'Link_Tip_Idle', (0.0, -1.0, 0.0), (-0.03364842288390587, 0.00603384858865508, -0.000395237409143823), (0.7255245696483257, 2.527886033727058e-06, -0.68819626475528, -2.665000553662289e-06), 11)
(13, b'Joint_Grip_Idle_Arm', 0, 18, 17, 1, 0.0, 0.0, 0.0, -1.0, 0.0, 0.0, b'Link_Grip_Idle_Arm', (0.0, -1.0, 0.0), (-0.006615133022305099, -0.0068638931252273, 0.025655295934773607), (4.839600057162415e-13, 2.536999999999891e-10, 2.253150000012278e-11, 1.0), 7)



# from ROS joint_states

header: 
  seq: 47162
  stamp: 
    secs: 1576268180
    nsecs: 379764795
  frame_id: ''
name: [Joint_1, Joint_2, Joint_3, Joint_4, Joint_5, Joint_6, Joint_Grip_Servo, Joint_Tip_Servo,
  Joint_Grip_Servo_Arm, Joint_Grip_Idle, Joint_Tip_Idle, Joint_Grip_Idle_Arm]
position: [0.028614695916764743, -1.6294300512883444, -1.0078778881468533, -3.0694800316930277, -0.2729681972105862, 3.093646649274014, 0.0, 0.0, 0.0, 0.0, 0.0, 0.0]
velocity: [0.0, 0.0, 0.0, 0.0, 0.0, 0.0, 0.0, 0.0, 0.0, 0.0, 0.0, 0.0]
effort: []


